gcc             4.1.2 2007 4.8.3 2014 4.8.5 2015 5 2016 6 2017 7 2018 8 2018
clang           3.5 2014 4 2017 5 2017 6 2018
C++             98 1998 03 2003 0x 2008 11 2011 14 2014 17 2017 2a 2020
Ubuntu          12 2012 13 2013 14 2014 15 2015 16 2016 17 2017 18 2018 19 2019
kernel          3.10 2013 4.10 2017 4.14 2018 4.17 2018 3.10.0-327 2013 2.6.32-642 2009 2.6.18-128 2006
python          3.5.3 2017 3.6.5 2018
qt              4.8.7 2011 5.6 2016 5.9 2017 5.12 2018
fw              4.1-rc8 2018 4.1.0-rc7.r17164 3.14.2 2010 4.0.0 2016 5.0.0-rc6 2018
Windows         XP 2001 7 2008 10 2010 XP_Pro 2005
RHEL            5 2007 6 2010 6.5 2013 7 2014 8 2019
Ada             95 1995
Visual_Studio   6.0 1998 7.0 2002 2005 2005 2010 2010 2015 2015
Oracle          10g 2005 12c 2016
